-1.131285495403781642e-02 -1.683305271906145040e-02 -7.021750464429436962e-03 -1.842408249063853115e-03 3.896454109080219101e-05 -3.783618290266146282e-04
-1.136267707503541176e-02 -1.688310993337410054e-02 -7.071582273692409749e-03 -1.890101239268094421e-03 -9.832117608449920804e-06 -4.281929377432225738e-04
-1.141216891000706828e-02 -1.693328628660788898e-02 -7.121095341125983393e-03 -1.934081998579767307e-03 -5.663631532130508872e-05 -4.777270826377653392e-04
-1.146062822973618889e-02 -1.698390184072793435e-02 -7.169578991394461552e-03 -1.969389089177735284e-03 -9.847095798343712255e-05 -5.264152394761031396e-04
-1.150562612609215378e-02 -1.703629857135641884e-02 -7.214465749768341797e-03 -1.988794299335503325e-03 -1.295404625622665761e-04 -5.725915375561213680e-04
-1.154012533728892252e-02 -1.709495375389451927e-02 -7.248144378430596523e-03 -1.991866322485886642e-03 -1.440724678451675805e-04 -6.114066961451066146e-04
-1.155515131893386158e-02 -1.716672210697364059e-02 -7.261228192265317162e-03 -1.990864119171214738e-03 -1.462853773393348131e-04 -6.339143041215296792e-04
-1.155675927042876597e-02 -1.724917559092981056e-02 -7.260678000057827451e-03 -1.991116564204350580e-03 -1.459859114309777339e-04 -6.394154608687381948e-04
-1.155764161698670869e-02 -1.732430922352883734e-02 -7.258968871528514478e-03 -1.991436721109903635e-03 -1.457941286364190423e-04 -6.397809001808058222e-04
-1.155893243850235688e-02 -1.736772099615666726e-02 -7.258293623433197291e-03 -1.991565481000987566e-03 -1.457214850871105315e-04 -6.398320991947982180e-04
-1.155930227789231032e-02 -1.737765897146947500e-02 -7.258178112987239035e-03 -1.991587580386347013e-03 -1.457090377856934621e-04 -6.398407652149345213e-04
