-1.547533043847173096e-03
-1.033989462597572793e-03
-1.070704416774444613e-03
-6.622334183164400000e-04
-4.039287282154792498e-04
-2.075999685161711414e-04
6.630513061935026594e-05
3.013233635264248251e-04
5.511995159779136538e-04
7.279063628600775495e-04
9.142365137675315763e-04
1.044930873213170078e-03
1.170265318092326978e-03
1.283327887210006322e-03
1.362667361803757225e-03
2.690893602482852210e-04
-1.558981041309090779e-03
-1.593552111658046990e-03
-1.236777436872300590e-03
-7.589397618688766131e-04
-5.191851389128745000e-04
-2.356235956273536358e-04
4.689785666652082413e-05
3.200707171171608364e-04
5.801139666410357098e-04
7.894907231295781409e-04
1.006842045163026510e-03
1.098105353564021638e-03
1.217288734312438076e-03
1.318024302925989519e-03
1.393825869413416923e-03
2.508941716129996767e-04
