1.764419960812760660e-03
3.200789054294587294e-02
-1.100333807016535236e-02
2.111179943581710863e-02
-5.200477434354018602e-02
-7.822936591645551774e-02
5.521169596784863964e-02
-1.325975568229131180e-02
2.605848520845867669e-02
1.041789865012162156e-03
-1.021142772470469591e-02
2.009107748135830276e-02
4.443837794761475862e-02
-3.118020687295788504e-02
6.893288008495260938e-03
-2.183308940586745767e-02
1.464672257913551649e-02
-1.620382278538510037e-04
-2.339762185929172150e-02
2.536463729662925132e-02
2.826297442745306226e-02
-4.236096855374547887e-02
4.435826019159948286e-02
-2.868979676666354173e-02
-3.120912410944260210e-02
3.610160619895723400e-02
-2.998244801627401868e-02
2.491844353612000795e-02
8.200006444442733966e-02
-1.186751671475731185e-01
6.194707590725938295e-02
-2.963936933432783499e-02
2.112953622694184724e-03
1.407924777859053539e-02
-1.413485968190360959e-02
9.647807693171875365e-03
6.441296337786554804e-02
-5.523043131378325282e-02
2.077968073749636782e-02
-4.098500461119210236e-02
-3.271533615135374141e-03
3.107557228942153457e-02
-2.327209507781512199e-02
1.758357562456982007e-02
9.626755505354110676e-02
-1.123802417586630686e-01
6.785027165216900302e-02
-3.598739148484705191e-02
1.565276497854355131e-02
3.760600832445630537e-02
-2.418178405463979747e-02
1.632021722720366705e-02
2.593999704802639819e-02
-5.146238685871493829e-02
2.106498747472753189e-02
-3.756363503740381415e-02
9.975992583727414861e-03
-3.555127061772020083e-05
1.419627176359042407e-04
-1.476115972461901219e-03
-1.752056575222699433e-03
-1.557387925181742119e-03
-1.151445875866436959e-03
4.785589971763682726e+00
